75
75
88
81
85
92
89
80
74
82
74
92
69
63
80
75
86
65
77
84
80
92
73
94
79
84
82
86
80
88
79
84
79
79
87
90
66
71
89
98
86
85
68
90
58
94
82
82
79
57
98
83
88
67
85
80
85
87
90
98
70
82
76
80
82
56
87
83
83
67
60
80
62
94
76
71
83
96
56
93
81
69
92
85
72
100
81
87
82
84
81
77
91
90
97
87
87
80
69
78
89
85
81
66
79
87
80
78
60
85
72
77
93
85
74
80
71
92
72
70
65
93
75
90
74
83
89
73
81
86
91
91
82
64
78
91
90
89
85
74
82
86
79
97
83
60
81
67
81
87
82
93
75
65
81
88
72
83
95
93
82
81
84
76
74
98
68
92
63
88
91
68
95
93
77
65
83
81
79
77
87
89
68
83
78
68
80
87
96
82
73
91
84
85
81
57
74
85
74
62
77
64
91
85
92
75
96
92
67
82
89
74
62
82
75
53
83
90
95
78
72
82
73
78
92
68
83
75
85
65
72
80
95
65
69
92
71
64
90
66
85
84
90
87
89
85
99
84
70
77
85
72
84
73
68
82
94
89
78
84
69
80
82
79
84
67
75
78
90
74
79
77
95
85
82
82
90
77
63
68
94
97
74
86
73
72
83
97
85
84
68
57
97
75
88
84
82
70
69
81
83
80
67
82
90
79
86
85
85
80
67
95
81
77
66
92
59
86
83
90
89
88
72
64
65
63
86
74
88
90
80
90
74
73
92
96
87
95
74
74
93
83
88
80
86
76
76
81
80
90
85
85
78
81
83
90
83
68
90
64
84
78
81
82
74
86
83
87
86
66
78
55
79
78
92
88
59
71
84
78
88
60
83
72
72
78
69
74
74
82
71
78
85
77
88
61
95
81
85
78
72
71
63
68
84
88
71
76
74
84
70
85
75
70
80
61
83
78
78
95
67
88
81
98
77
80
83
94
91
87
70
88
73
74
81
68
75
72
75
78
75
73
72
83
81
59
80
66
90
65
98
95
79
75
74
74
87
99
87
84
95
59
92
90
73
78
66
88
89
83
86
71
82
84
69
88
75
79
77
90
72
92
75
85
84
78
87
80
74
98
62
80
97
77
68
80
86
78
65
76
63
74
68
78
90
65
91
79
80
76
79
83
85
64
78
71
85
83
73
76
93
90
98
94
95
90
72
77
73
94
77
91
83
88
61
87
85
88
63
88
77
91
84
83
63
60
59
94
91
81
85
93
92
83
86
63
73
91
67
90
69
76
89
68
99
66
70
80
74
93
76
79
88
70
98
87
84
70
66
80
65
80
68
85
93
77
92
78
81
75
79
75
75
76
74
81
75
80
82
68
82
78
73
84
85
84
89
63
77
70
85
85
91
76
52
74
74
81
74
83
90
79
69
71
66
84
93
71
62
72
70
72
70
84
68
74
84
80
93
71
98
74
96
70
73
71
77
74
67
75
72
65
71
84
69
58
89
78
82
91
69
84
77
76
88
79
76
92
84
94
82
70
65
82
87
71
77
60
69
97
92
81
82
66
91
65
69
87
69
93
69
88
87
86
79
84
55
93
70
85
80
87
75
90
96
80
87
60
82
79
83
80
79
65
79
81
85
85
86
87
85
82
95
81
80
73
77
86
94
83
88
94
63
92
76
72
86
85
80
74
93
80
80
89
88
73
77
58
85
60
91
91
80
82
88
85
94
73
82
82
99
79
92
85
72
75
77
62
61
69
90
77
84
87
73
82
77
84
77
96
80
83
71
95
78
63
84
81
90
88
97
70
67
98
92
69
73
94
93
82
83
74
80
78
87
78
86
82
91
65
82
78
94
75
74
79
82
82
70
71
78
82
94
70
90
64
68
95
88
78
83
68
83
78
77
89
77
91
78
73
74
62
77
92
65
80
66
86
64
81
78
92
77
78
90
76
83
83
80
80
86
96
77
99
76
90
88
72
79
69
90
78
88
73
87
81
84
89
98
92
88
89
83
80
62
88
86
86
81
94
96
72
81
73
75
86
73
62
73
74
72
65
83
94
94
59
75
73
73
92
89
88
74
89
70
81
62
81
77
96
73
81
75
84
83
96
78
86
77
76
78
95
79
75
77
84
89
89
95
66
68
98
71
84
66
71
71
79
77
81
88
59
95
56
98
87
92
70
77
69
86
94
84
86
85
84
88
82
65
88
87
64
91
77
81
85
87
72
81
81
76
74
74
73
73
74
88
87
86
78
77
87
86
77
92
91
82
95
98
78
94
Mode:5
Iterations:1000
90
84
95
83
89
82
74
92
97
69
75
86
86
88
63
81
91
90
90
69
72
95
78
70
83
82
90
72
89
71
79
85
85
76
78
78
86
83
69
76
76
85
88
74
76
91
83
97
71
92
91
82
98
74
83
71
72
74
87
85
70
75
69
83
60
66
84
85
75
70
63
78
70
89
80
84
84
66
79
66
70
58
95
86
80
69
92
76
80
67
87
90
74
73
85
81
83
80
87
85
76
86
77
71
87
69
91
96
76
77
70
77
95
83
81
83
85
76
89
73
98
78
89
76
85
89
90
88
86
89
93
80
83
75
83
75
92
92
71
72
62
65
81
89
82
70
88
84
66
62
80
74
89
93
66
83
79
75
75
80
80
78
96
78
86
79
73
91
70
84
69
71
84
91
78
93
98
72
86
97
80
83
101
67
82
70
76
90
74
54
76
95
88
62
75
64
81
64
72
70
89
79
82
70
71
81
47
83
67
85
75
89
84
67
79
85
77
86
74
71
70
66
84
75
82
70
98
85
90
72
89
84
93
61
95
67
78
72
77
67
77
86
91
84
78
91
82
76
83
96
55
86
73
64
87
70
68
77
90
81
59
80
84
73
71
83
88
88
90
67
76
97
63
89
91
60
82
72
79
66
76
89
88
90
67
80
76
90
88
82
84
63
80
86
80
83
85
86
95
90
76
89
97
86
98
71
76
82
79
85
67
83
95
73
79
67
77
84
64
84
96
63
84
87
82
74
65
91
74
89
53
80
80
79
66
82
87
56
80
87
74
61
82
83
82
78
87
94
92
84
81
74
82
95
76
98
83
71
66
80
97
78
66
84
97
82
93
70
96
80
84
93
70
90
68
89
81
92
70
92
73
76
92
89
91
77
89
67
90
68
56
77
84
85
89
73
74
85
80
73
64
93
87
91
74
92
97
78
68
88
76
86
80
91
84
94
81
64
78
62
81
78
79
67
78
94
59
69
68
93
76
73
76
73
70
84
88
72
93
99
83
83
98
88
72
86
72
83
87
78
72
77
81
98
96
72
72
73
83
75
94
88
68
84
77
82
89
90
93
87
91
79
66
81
74
86
73
95
75
68
79
75
73
85
75
88
90
73
79
88
86
82
80
74
68
90
70
85
78
96
77
79
77
91
77
79
101
73
87
74
90
84
84
78
76
87
82
91
92
83
73
85
78
78
70
67
75
80
83
74
80
79
73
64
93
87
86
80
77
78
67
88
85
83
80
70
78
71
87
97
76
88
77
85
75
93
96
82
74
97
72
85
92
69
94
73
78
69
78
79
91
80
78
94
87
91
68
95
64
84
93
63
79
69
81
90
72
86
81
82
94
74
78
90
69
71
83
93
71
94
79
75
65
81
68
93
65
86
95
85
89
88
80
89
67
90
79
92
63
84
88
78
91
73
81
89
67
88
73
79
60
77
86
96
91
69
73
90
78
71
87
86
65
67
84
57
74
89
78
75
81
80
77
59
76
61
80
79
56
83
97
85
53
95
81
73
72
95
88
76
89
82
72
94
75
65
82
87
85
71
76
95
67
72
59
94
84
76
85
78
87
86
74
74
66
90
84
80
89
75
82
73
75
61
74
77
69
68
92
59
92
79
71
69
71
79
94
81
65
88
64
78
69
97
87
94
79
76
71
70
83
84
86
91
91
74
88
83
87
86
81
70
81
60
84
75
83
71
81
70
77
68
85
87
54
69
75
82
67
77
93
95
79
65
86
77
68
75
81
89
79
86
69
72
87
87
74
84
76
85
66
72
87
88
86
85
100
88
90
76
88
84
76
77
67
93
64
90
68
72
80
95
65
86
80
82
84
81
88
91
82
69
100
79
78
79
89
71
92
97
69
88
73
94
67
74
69
80
84
82
88
93
79
83
88
64
80
86
69
61
76
72
85
90
63
78
66
66
73
86
94
73
91
95
70
80
70
78
78
79
87
83
85
95
71
76
72
77
73
84
80
89
78
79
96
71
83
88
81
79
95
90
95
91
79
90
80
82
73
85
97
90
95
82
83
75
86
96
60
82
82
89
74
85
82
90
84
76
98
66
85
82
81
86
68
88
77
91
81
55
86
76
90
86
97
83
87
69
61
72
92
82
71
81
74
59
88
81
90
80
67
74
67
93
90
87
71
79
84
71
84
99
81
78
59
85
88
76
79
87
79
83
83
78
68
60
75
84
93
83
80
93
92
76
97
66
97
75
84
87
89
78
74
79
87
84
86
95
89
84
78
73
88
82
73
89
76
76
90
88
